0
0
0
0
0
0
0
0
0
0
0
0
0
0
0
0
0
0
0
0
0
0
0
0
0
0
0
0
0
0
0
0
0
0
0
0
0
0
0
0
0
0
0
0
0
0
0
0
0
0
0
0
0
0
0
0
0
0
0
0
0
0
0
0
0
0
0
0
0
0
0
0
0
0
0
0
0
0
0
0
0
0
0
0
0
0
0
0
0
0
0
0
0
0
0
0
0
0
0
0
0
0
0
0
0
0
0
0
0
0
0
0
0
0
0
0
0
0
0
0
0
0
0
0
0
0
0
0
0
0
4
44
120
138
138
70
12
0
0
0
0
0
0
0
0
0
0
0
0
0
0
0
0
0
0
0
0
0
24
194
255
255
255
255
48
0
0
0
0
0
0
0
0
0
0
0
0
0
0
0
0
0
0
0
0
0
62
255
255
255
255
255
70
0
0
0
0
0
0
0
0
0
0
0
0
0
0
0
0
0
0
0
0
4
132
255
255
174
255
255
70
0
0
0
0
0
0
0
0
0
0
0
0
0
0
0
0
0
0
0
0
24
255
255
255
255
255
255
44
0
0
0
0
0
0
0
0
0
0
0
0
0
0
0
0
0
0
0
0
70
255
255
255
255
255
214
10
0
0
0
0
0
0
0
0
0
0
0
0
0
0
0
0
0
0
0
4
154
255
255
92
255
255
108
0
0
0
0
0
0
0
0
0
0
0
0
0
0
0
0
0
0
0
0
22
255
255
255
255
255
255
44
0
0
0
0
0
0
0
0
0
0
0
0
0
0
0
0
0
0
0
0
62
255
255
255
255
255
252
10
0
0
0
0
0
0
0
0
0
0
0
0
0
0
0
0
0
0
0
6
140
255
255
138
255
255
192
0
0
0
0
0
0
0
0
0
0
0
0
0
0
0
0
0
0
0
0
34
255
255
255
218
255
255
128
0
0
0
0
0
0
0
0
0
0
0
0
0
0
0
0
0
0
0
0
86
255
255
255
255
255
255
54
0
0
0
0
0
0
0
0
0
0
0
0
0
0
0
0
0
0
0
2
152
255
255
94
255
255
214
10
0
0
0
0
0
0
0
0
0
0
0
0
0
0
0
0
0
0
0
22
255
255
255
255
255
255
118
0
0
0
0
0
0
0
0
0
0
0
0
0
0
0
0
0
0
0
0
70
255
255
255
255
255
255
50
0
0
0
0
0
0
0
0
0
0
0
0
0
0
0
0
0
0
0
0
130
255
255
216
255
255
218
10
0
0
0
0
0
0
0
0
0
0
0
0
0
0
0
0
0
0
0
6
208
255
255
108
255
255
146
0
0
0
0
0
0
0
0
0
0
0
0
0
0
0
0
0
0
0
0
38
255
255
255
255
255
255
104
0
0
0
0
0
0
0
0
0
0
0
0
0
0
0
0
0
0
0
0
104
255
255
255
255
255
255
66
0
0
0
0
0
0
0
0
0
0
0
0
0
0
0
0
0
0
0
2
176
255
255
152
255
255
255
32
0
0
0
0
0
0
0
0
0
0
0
0
0
0
0
0
0
0
0
4
184
255
255
255
255
255
180
8
0
0
0
0
0
0
0
0
0
0
0
0
0
0
0
0
0
0
0
4
184
255
255
255
255
255
72
0
0
0
0
0
0
0
0
0
0
0
0
0
0
0
0
0
0
0
0
2
108
255
255
255
255
150
16
0
0
0
0
0
0
0
0
0
0
0
0
0
0
0
0
0
0
0
0
0
26
98
142
142
94
24
0
0
0
0
0
0
0
0
0
0
0
0
0
0
0
0
0
0
0
0
0
0
0
0
0
0
0
0
0
0
0
0
0
0
0
0
0
0
0
0
0
0
0
0
0
0
0
0
0
0
0
0
0
0
0
0
0
0
0
0
0
0
0
0
0
0
0
0
0
0
0
0
0
0
0
0
0
0
0
0
0
0
0
0
0
0
0
0
0
0
0
0
0
0
0
0
0
0
0
0
0
0
0
0
0
0
0
0
0
0
0
0
0
0
0
0
0
0
0
0
0
0
0
0
0
0
0
0
0
0
0
0
0
0
0
0
0
0
4
44
120
138
138
70
12
0
0
0
0
0
0
0
0
0
0
0
0
0
0
0
0
0
0
0
0
0
24
194
255
255
255
255
48
0
0
0
0
0
0
0
0
0
0
0
0
0
0
0
0
0
0
0
0
0
62
255
255
255
255
255
70
0
0
0
0
0
0
0
0
0
0
0
0
0
0
0
0
0
0
0
0
4
132
255
255
174
255
255
70
0
0
0
0
0
0
0
0
0
0
0
0
0
0
0
0
0
0
0
0
24
255
255
255
255
255
255
44
0
0
0
0
0
0
0
0
0
0
0
0
0
0
0
0
0
0
0
0
70
255
255
255
255
255
214
10
0
0
0
0
0
0
0
0
0
0
0
0
0
0
0
0
0
0
0
4
154
255
255
92
255
255
108
0
0
0
0
0
0
0
0
0
0
0
0
0
0
0
0
0
0
0
0
22
255
255
255
255
255
255
44
0
0
0
0
0
0
0
0
0
0
0
0
0
0
0
0
0
0
0
0
62
255
255
255
255
255
252
10
0
0
0
0
0
0
0
0
0
0
0
0
0
0
0
0
0
0
0
6
140
255
255
138
255
255
192
0
0
0
0
0
0
0
0
0
0
0
0
0
0
0
0
0
0
0
0
34
255
255
255
218
255
255
128
0
0
0
0
0
0
0
0
0
0
0
0
0
0
0
0
0
0
0
0
86
255
255
255
255
255
255
54
0
0
0
0
0
0
0
0
0
0
0
0
0
0
0
0
0
0
0
2
152
255
255
94
255
255
214
10
0
0
0
0
0
0
0
0
0
0
0
0
0
0
0
0
0
0
0
22
255
255
255
255
255
255
118
0
0
0
0
0
0
0
0
0
0
0
0
0
0
0
0
0
0
0
0
70
255
255
255
255
255
255
50
0
0
0
0
0
0
0
0
0
0
0
0
0
0
0
0
0
0
0
0
130
255
255
216
255
255
218
10
0
0
0
0
0
0
0
0
0
0
0
0
0
0
0
0
0
0
0
6
208
255
255
108
255
255
146
0
0
0
0
0
0
0
0
0
0
0
0
0
0
0
0
0
0
0
0
38
255
255
255
255
255
255
104
0
0
0
0
0
0
0
0
0
0
0
0
0
0
0
0
0
0
0
0
104
255
255
255
255
255
255
66
0
0
0
0
0
0
0
0
0
0
0
0
0
0
0
0
0
0
0
2
176
255
255
152
255
255
255
32
0
0
0
0
0
0
0
0
0
0
0
0
0
0
0
0
0
0
0
4
184
255
255
255
255
255
180
8
0
0
0
0
0
0
0
0
0
0
0
0
0
0
0
0
0
0
0
4
184
255
255
255
255
255
72
0
0
0
0
0
0
0
0
0
0
0
0
0
0
0
0
0
0
0
0
2
108
255
255
255
255
150
16
0
0
0
0
0
0
0
0
0
0
0
0
0
0
0
0
0
0
0
0
0
26
98
142
142
94
24
0
0
0
0
0
0
0
