0 0 1 2 1 24 2 1 24 2 0 24
0 0 0 1 24 24 1 24 24 0 24 24
0 0 0 24 24 24 24 24 24 24 24 24
0 0 0 24 24 24 24 24 24 24 24 24
0 0 0 24 24 24 24 24 24 24 24 24
0 0 0 24 24 24 24 24 24 24 24 24
0 0 0 24 24 24 24 24 24 24 24 24
0 0 0 24 24 24 24 24 24 24 24 24
0 0 0 24 24 24 24 24 24 24 24 24
0 0 0 24 24 24 24 24 24 24 24 24
0 0 0 24 24 24 24 24 24 24 24 24
0 0 0 24 24 24 24 24 24 24 24 24
0 0 0 24 24 24 24 24 24 24 24 24
0 0 0 24 24 24 24 24 24 24 24 24
0 0 0 24 24 24 24 24 24 24 24 24
0 0 0 24 24 24 24 24 24 24 24 24
0 0 0 24 24 24 24 24 24 24 24 24
0 0 0 24 24 24 24 24 24 24 24 24
0 0 0 24 24 24 24 24 24 24 24 24
0 0 0 24 24 24 24 24 24 24 24 24
0 0 0 24 24 24 24 24 24 24 24 24
0 0 0 24 24 9 24 24 8 24 24 24
0 0 0 24 9 10 24 8 10 24 24 8
0 0 1 9 10 14 8 10 14 24 8 13
0 0 1 10 14 6 10 14 14 8 13 13
0 0 1 14 6 2 14 14 6 13 13 5
0 0 1 6 2 2 14 6 2 13 5 5
0 0 1 2 2 1 6 2 0 5 5 0
0 0 0 2 1 24 2 0 24 5 0 24
0 0 0 1 24 24 0 24 24 0 24 24
0 0 0 24 24 24 24 24 24 24 24 24
0 0 0 24 24 24 24 24 24 24 24 24
0 0 0 24 24 24 24 24 24 24 24 24
0 0 0 24 24 24 24 24 24 24 24 24
0 0 0 24 24 24 24 24 24 24 24 24
0 0 0 24 24 24 24 24 24 24 24 24
0 0 0 24 24 24 24 24 24 24 24 24
0 0 0 24 24 24 24 24 24 24 24 24
0 0 0 24 24 24 24 24 24 24 24 24
0 0 0 24 24 24 24 24 24 24 24 24
0 0 0 24 24 24 24 24 24 24 24 24
0 0 0 24 24 24 24 24 24 24 24 24
0 0 0 24 24 24 24 24 24 24 24 24
0 0 0 24 24 24 24 24 24 24 24 24
0 0 0 24 24 24 24 24 24 24 24 24
0 0 0 24 24 24 24 24 24 24 24 24
0 0 0 24 24 24 24 24 24 24 24 24
0 0 0 24 24 24 24 24 24 24 24 24
0 0 0 24 24 24 24 24 24 24 24 24
0 0 0 24 24 8 24 24 24 24 24 24
0 0 0 24 8 10 24 24 8 24 24 24
0 0 0 8 10 14 24 8 13 24 24 24
0 0 1 10 14 14 8 13 13 24 24 24
0 0 1 14 14 6 13 13 5 24 24 24
0 0 1 14 6 2 13 5 5 24 24 24
0 0 1 6 2 0 5 5 0 24 24 24
0 0 0 2 0 24 5 0 24 24 24 24
0 0 0 0 24 24 0 24 24 24 24 24
0 0 0 24 24 24 24 24 24 24 24 24
0 0 0 24 24 24 24 24 24 24 24 24
0 0 0 24 24 24 24 24 24 24 24 24
0 0 0 24 24 24 24 24 24 24 24 24
0 0 0 24 24 24 24 24 24 24 24 24
0 0 0 24 24 24 24 24 24 24 24 24
0 0 0 24 24 24 24 24 24 24 24 24
0 0 0 24 24 24 24 24 24 24 24 24
0 0 0 24 24 24 24 24 24 24 24 24
0 0 0 24 24 24 24 24 24 24 24 24
0 0 0 24 24 24 24 24 24 24 24 24
0 0 0 24 24 24 24 24 24 24 24 24
0 0 0 24 24 24 24 24 24 24 24 24
0 0 0 24 24 24 24 24 24 24 24 24
0 0 0 24 24 24 24 24 24 24 24 24
0 0 0 24 24 24 24 24 24 24 24 24
0 0 0 24 24 24 24 24 24 24 24 24
0 0 0 24 24 24 24 24 24 24 24 24
0 0 0 24 24 24 24 24 24 24 24 24
0 0 0 24 24 24 24 24 24 24 24 24
0 0 0 24 24 8 24 24 24 24 24 24
0 0 0 24 8 13 24 24 24 24 24 24
0 0 0 8 13 13 24 24 24 24 24 24
0 0 0 13 13 5 24 24 24 24 24 24
0 0 0 13 5 5 24 24 24 24 24 24
0 0 0 5 5 0 24 24 24 24 24 24
0 0 0 5 0 24 24 24 24 24 24 24
0 0 0 0 24 24 24 24 24 24 24 24
0 0 0 24 24 24 24 24 24 24 24 24
0 0 0 24 24 24 24 24 24 24 24 24
0 0 0 24 24 24 24 24 24 24 24 24
0 0 0 24 24 24 24 24 24 24 24 24
0 0 0 24 24 24 24 24 24 24 24 24
0 1 0 24 24 24 24 24 24 24 24 24
0 2 0 24 24 24 24 24 24 24 24 24
0 3 0 24 24 24 24 24 24 24 24 24
0 4 0 24 24 24 24 24 24 24 24 24
0 5 0 24 24 24 24 24 24 24 24 24
0 6 0 24 24 24 24 24 24 24 24 24
0 7 0 24 24 24 24 24 24 24 24 24
0 8 0 24 24 24 24 24 24 24 24 24
0 9 0 24 24 24 24 24 24 24 24 24
0 10 0 24 24 24 24 24 24 24 24 24
0 11 0 24 24 24 24 24 24 24 24 24
0 12 0 24 24 24 24 24 24 24 24 24
0 13 0 24 24 24 24 24 24 24 24 24
0 14 0 24 24 24 24 24 24 24 24 24
0 15 0 24 24 24 24 24 24 24 24 24
0 16 0 24 24 24 24 24 24 24 24 24
0 17 0 24 24 24 24 24 24 24 24 24
0 18 0 24 24 24 24 24 24 24 24 24
0 19 0 24 24 24 24 24 24 24 24 24
0 20 0 24 24 24 24 24 24 24 24 24
0 21 0 24 24 24 24 24 24 24 24 24
0 22 0 24 24 24 24 24 24 24 24 24
0 23 0 24 24 24 24 24 24 24 24 24
0 24 0 24 24 24 24 24 24 24 24 24
0 25 0 24 24 24 24 24 24 24 24 24
0 26 0 24 24 24 24 24 24 24 24 24
0 27 0 24 24 24 24 24 24 24 24 24
1 0 0 24 24 24 24 24 24 24 24 24
1 1 0 24 24 24 24 24 24 24 24 24
1 2 0 24 24 24 24 24 24 24 24 24
1 3 0 24 24 24 24 24 24 24 24 24
1 4 0 24 24 24 24 24 24 24 24 24
1 5 0 24 24 24 24 24 24 24 24 24
1 6 0 24 24 24 24 24 24 24 24 24
1 7 0 24 24 24 24 24 24 24 24 24
1 8 0 24 24 24 24 24 24 24 24 24
1 9 0 24 24 24 24 24 24 24 24 24
1 10 0 24 24 24 24 24 24 24 24 24
1 11 0 24 24 24 24 24 24 24 24 24
1 12 0 24 24 24 24 24 24 24 24 24
1 13 0 24 24 24 24 24 24 24 24 24
1 14 0 24 24 24 24 24 24 24 24 24
1 15 0 24 24 24 24 24 24 24 24 24
1 16 0 24 24 24 24 24 24 24 24 24
1 17 0 24 24 24 24 24 24 24 24 24
1 18 0 24 24 24 24 24 24 24 24 24
1 19 0 24 24 24 24 24 24 24 24 24
1 20 0 24 24 24 24 24 24 24 24 24
1 21 0 24 24 24 24 24 24 24 24 24
1 22 0 24 24 24 24 24 24 24 24 24
1 23 0 24 24 24 24 24 24 24 24 24
1 24 0 24 24 24 24 24 24 24 24 24
1 25 0 24 24 24 24 24 24 24 24 24
1 26 0 24 24 24 24 24 24 24 24 24
1 27 0 24 24 24 24 24 24 24 24 24
2 0 0 24 24 24 24 24 24 24 24 24
2 1 0 24 24 24 24 24 24 24 24 24
2 2 0 24 24 24 24 24 24 24 24 24
2 3 0 24 24 24 24 24 24 24 24 24
2 4 0 24 24 24 24 24 24 24 24 24
2 5 0 24 24 24 24 24 24 24 24 24
2 6 0 24 24 24 24 24 24 24 24 29
2 7 0 24 24 24 24 24 24 24 29 30
2 8 0 24 24 24 24 24 24 29 30 22
2 9 0 24 24 24 24 24 24 30 22 21
2 10 0 24 24 24 24 24 24 22 21 16
2 11 0 24 24 24 24 24 24 21 16 24
2 12 0 24 24 24 24 24 24 16 24 24
2 13 0 24 24 24 24 24 24 24 24 24
2 14 0 24 24 24 24 24 24 24 24 24
2 15 0 24 24 24 24 24 24 24 24 24
2 16 0 24 24 24 24 24 24 24 24 24
2 17 0 24 24 24 24 24 24 24 24 28
2 18 0 24 24 24 24 24 24 24 28 20
2 19 0 24 24 24 24 24 24 28 20 20
2 20 0 24 24 24 24 24 24 20 20 16
2 21 0 24 24 24 24 24 24 20 16 24
2 22 0 24 24 24 24 24 24 16 24 24
2 23 0 24 24 24 24 24 24 24 24 24
2 24 0 24 24 24 24 24 24 24 24 24
2 25 0 24 24 24 24 24 24 24 24 24
2 26 0 24 24 24 24 24 24 24 24 24
2 27 0 24 24 24 24 24 24 24 24 24
3 0 0 24 24 24 24 24 24 24 24 24
3 1 0 24 24 24 24 24 24 24 24 24
3 2 0 24 24 24 24 24 24 24 24 24
3 3 0 24 24 24 24 24 24 24 24 24
3 4 0 24 24 24 24 24 24 24 24 24
3 5 0 24 24 24 24 24 24 24 24 25
3 6 0 24 24 24 24 24 29 24 25 30
3 7 1 24 24 24 24 29 30 25 30 30
3 8 1 24 24 24 29 30 22 30 30 22
3 9 1 24 24 24 30 22 21 30 22 22
3 10 1 24 24 24 22 21 16 22 22 17
3 11 0 24 24 24 21 16 24 22 17 24
3 12 0 24 24 24 16 24 24 17 24 24
3 13 0 24 24 24 24 24 24 24 24 24
3 14 0 24 24 24 24 24 24 24 24 24
3 15 0 24 24 24 24 24 24 24 24 24
3 16 0 24 24 24 24 24 24 24 24 25
3 17 0 24 24 24 24 24 28 24 25 30
3 18 0 24 24 24 24 28 20 25 30 22
3 19 0 24 24 24 28 20 20 30 22 22
3 20 0 24 24 24 20 20 16 22 22 21
3 21 0 24 24 24 20 16 24 22 21 16
3 22 0 24 24 24 16 24 24 21 16 24
3 23 0 24 24 24 24 24 24 16 24 24
3 24 0 24 24 24 24 24 24 24 24 24
3 25 0 24 24 24 24 24 24 24 24 24
3 26 0 24 24 24 24 24 24 24 24 24
3 27 0 24 24 24 24 24 24 24 24 24
4 0 0 24 24 24 24 24 24 24 24 24
4 1 0 24 24 24 24 24 24 24 24 24
4 2 0 24 24 24 24 24 24 24 24 24
4 3 0 24 24 24 24 24 24 24 24 24
4 4 0 24 24 24 24 24 24 24 24 24
4 5 0 24 24 24 24 24 25 24 24 26
4 6 1 24 24 29 24 25 30 24 26 26
4 7 1 24 29 30 25 30 30 26 26 30
4 8 1 29 30 22 30 30 22 26 30 22
4 9 1 30 22 21 30 22 22 30 22 18
4 10 1 22 21 16 22 22 17 22 18 18
4 11 1 21 16 24 22 17 24 18 18 24
4 12 0 16 24 24 17 24 24 18 24 24
4 13 0 24 24 24 24 24 24 24 24 24
4 14 0 24 24 24 24 24 24 24 24 24
4 15 0 24 24 24 24 24 24 24 24 24
4 16 0 24 24 24 24 24 25 24 24 26
4 17 1 24 24 28 24 25 30 24 26 30
4 18 1 24 28 20 25 30 22 26 30 30
4 19 1 28 20 20 30 22 22 30 30 22
4 20 1 20 20 16 22 22 21 30 22 18
4 21 1 20 16 24 22 21 16 22 18 17
4 22 0 16 24 24 21 16 24 18 17 24
4 23 0 24 24 24 16 24 24 17 24 24
4 24 0 24 24 24 24 24 24 24 24 24
4 25 0 24 24 24 24 24 24 24 24 24
4 26 0 24 24 24 24 24 24 24 24 24
4 27 0 24 24 24 24 24 24 24 24 24
5 0 0 24 24 24 24 24 24 24 24 24
5 1 0 24 24 24 24 24 24 24 24 24
5 2 0 24 24 24 24 24 24 24 24 24
5 3 0 24 24 24 24 24 24 24 24 24
5 4 0 24 24 24 24 24 24 24 24 24
5 5 0 24 24 25 24 24 26 24 24 26
5 6 1 24 25 30 24 26 26 24 26 26
5 7 1 25 30 30 26 26 30 26 26 26
5 8 1 30 30 22 26 30 22 26 26 18
5 9 1 30 22 22 30 22 18 26 18 18
5 10 1 22 22 17 22 18 18 18 18 18
5 11 1 22 17 24 18 18 24 18 18 16
5 12 0 17 24 24 18 24 24 18 16 24
5 13 0 24 24 24 24 24 24 16 24 24
5 14 0 24 24 24 24 24 24 24 24 24
5 15 0 24 24 24 24 24 24 24 24 25
5 16 0 24 24 25 24 24 26 24 25 26
5 17 1 24 25 30 24 26 30 25 26 26
5 18 1 25 30 22 26 30 30 26 26 30
5 19 1 30 22 22 30 30 22 26 30 18
5 20 1 22 22 21 30 22 18 30 18 18
5 21 1 22 21 16 22 18 17 18 18 18
5 22 1 21 16 24 18 17 24 18 18 16
5 23 0 16 24 24 17 24 24 18 16 24
5 24 0 24 24 24 24 24 24 16 24 24
5 25 0 24 24 24 24 24 24 24 24 24
5 26 0 24 24 24 24 24 24 24 24 24
5 27 0 24 24 24 24 24 24 24 24 24
6 0 0 24 24 24 24 24 24 24 24 24
6 1 0 24 24 24 24 24 24 24 24 24
6 2 0 24 24 24 24 24 24 24 24 24
6 3 0 24 24 24 24 24 24 24 24 24
6 4 0 24 24 24 24 24 24 24 24 24
6 5 0 24 24 26 24 24 26 24 24 26
6 6 1 24 26 26 24 26 26 24 26 26
6 7 1 26 26 30 26 26 26 26 26 26
6 8 1 26 30 22 26 26 18 26 26 18
6 9 1 30 22 18 26 18 18 26 18 18
6 10 1 22 18 18 18 18 18 18 18 18
6 11 1 18 18 24 18 18 16 18 18 16
6 12 0 18 24 24 18 16 24 18 16 24
6 13 0 24 24 24 16 24 24 16 24 24
6 14 0 24 24 24 24 24 24 24 24 24
6 15 0 24 24 24 24 24 25 24 24 25
6 16 1 24 24 26 24 25 26 24 25 26
6 17 1 24 26 30 25 26 26 25 26 26
6 18 1 26 30 30 26 26 30 26 26 30
6 19 1 30 30 22 26 30 18 26 30 18
6 20 1 30 22 18 30 18 18 30 18 18
6 21 1 22 18 17 18 18 18 18 18 18
6 22 1 18 17 24 18 18 16 18 18 16
6 23 0 17 24 24 18 16 24 18 16 24
6 24 0 24 24 24 16 24 24 16 24 24
6 25 0 24 24 24 24 24 24 24 24 24
6 26 0 24 24 24 24 24 24 24 24 24
6 27 0 24 24 24 24 24 24 24 24 24
7 0 0 24 24 24 24 24 24 24 24 24
7 1 0 24 24 24 24 24 24 24 24 24
7 2 0 24 24 24 24 24 24 24 24 24
7 3 0 24 24 24 24 24 24 24 24 24
7 4 0 24 24 24 24 24 24 24 24 24
7 5 0 24 24 26 24 24 26 24 24 26
7 6 1 24 26 26 24 26 26 24 26 26
7 7 1 26 26 26 26 26 26 26 26 26
7 8 1 26 26 18 26 26 18 26 26 18
7 9 1 26 18 18 26 18 18 26 18 18
7 10 1 18 18 18 18 18 18 18 18 18
7 11 1 18 18 16 18 18 16 18 18 17
7 12 0 18 16 24 18 16 24 18 17 24
7 13 0 16 24 24 16 24 24 17 24 24
7 14 0 24 24 24 24 24 24 24 24 24
7 15 0 24 24 25 24 24 25 24 24 25
7 16 1 24 25 26 24 25 26 24 25 26
7 17 1 25 26 26 25 26 26 25 26 26
7 18 1 26 26 30 26 26 30 26 26 26
7 19 1 26 30 18 26 30 18 26 26 18
7 20 1 30 18 18 30 18 18 26 18 18
7 21 1 18 18 18 18 18 18 18 18 18
7 22 1 18 18 16 18 18 16 18 18 16
7 23 0 18 16 24 18 16 24 18 16 24
7 24 0 16 24 24 16 24 24 16 24 24
7 25 0 24 24 24 24 24 24 24 24 24
7 26 0 24 24 24 24 24 24 24 24 24
7 27 0 24 24 24 24 24 24 24 24 24
8 0 0 24 24 24 24 24 24 24 24 24
8 1 0 24 24 24 24 24 24 24 24 24
8 2 0 24 24 24 24 24 24 24 24 24
8 3 0 24 24 24 24 24 24 24 24 24
8 4 0 24 24 24 24 24 24 24 24 24
8 5 0 24 24 26 24 24 26 24 24 26
8 6 1 24 26 26 24 26 26 24 26 26
8 7 1 26 26 26 26 26 26 26 26 26
8 8 1 26 26 18 26 26 18 26 26 18
8 9 1 26 18 18 26 18 18 26 18 18
8 10 1 18 18 18 18 18 18 18 18 18
8 11 1 18 18 16 18 18 17 18 18 17
8 12 1 18 16 24 18 17 24 18 17 24
8 13 0 16 24 24 17 24 24 17 24 24
8 14 0 24 24 24 24 24 24 24 24 24
8 15 0 24 24 25 24 24 25 24 24 25
8 16 1 24 25 26 24 25 26 24 25 26
8 17 1 25 26 26 25 26 26 25 26 26
8 18 1 26 26 30 26 26 26 26 26 26
8 19 1 26 30 18 26 26 18 26 26 18
8 20 1 30 18 18 26 18 18 26 18 18
8 21 1 18 18 18 18 18 18 18 18 18
8 22 1 18 18 16 18 18 16 18 18 22
8 23 0 18 16 24 18 16 24 18 22 21
8 24 0 16 24 24 16 24 24 22 21 16
8 25 0 24 24 24 24 24 24 21 16 24
8 26 0 24 24 24 24 24 24 16 24 24
8 27 0 24 24 24 24 24 24 24 24 24
9 0 0 24 24 24 24 24 24 24 24 24
9 1 0 24 24 24 24 24 24 24 24 24
9 2 0 24 24 24 24 24 24 24 24 24
9 3 0 24 24 24 24 24 24 24 24 24
9 4 0 24 24 24 24 24 24 24 24 24
9 5 0 24 24 26 24 24 26 24 24 26
9 6 1 24 26 26 24 26 26 24 26 10
9 7 1 26 26 26 26 26 26 26 10 10
9 8 1 26 26 18 26 26 18 10 10 18
9 9 1 26 18 18 26 18 18 10 18 18
9 10 1 18 18 18 18 18 18 18 18 18
9 11 1 18 18 17 18 18 17 18 18 17
9 12 1 18 17 24 18 17 24 18 17 24
9 13 0 17 24 24 17 24 24 17 24 24
9 14 0 24 24 24 24 24 24 24 24 24
9 15 0 24 24 25 24 24 25 24 24 25
9 16 1 24 25 26 24 25 26 24 25 26
9 17 1 25 26 26 25 26 26 25 26 26
9 18 1 26 26 26 26 26 26 26 26 26
9 19 1 26 26 18 26 26 18 26 26 18
9 20 1 26 18 18 26 18 18 26 18 18
9 21 1 18 18 18 18 18 18 18 18 18
9 22 1 18 18 16 18 18 22 18 18 22
9 23 1 18 16 24 18 22 21 18 22 22
9 24 1 16 24 24 22 21 16 22 22 17
9 25 0 24 24 24 21 16 24 22 17 24
9 26 0 24 24 24 16 24 24 17 24 24
9 27 0 24 24 24 24 24 24 24 24 24
10 0 0 24 24 24 24 24 24 24 24 24
10 1 0 24 24 24 24 24 24 24 24 24
10 2 0 24 24 24 24 24 24 24 24 24
10 3 0 24 24 24 24 24 24 24 24 24
10 4 0 24 24 24 24 24 24 24 24 24
10 5 0 24 24 26 24 24 26 24 24 26
10 6 1 24 26 26 24 26 10 24 26 10
10 7 1 26 26 26 26 10 10 26 10 10
10 8 1 26 26 18 10 10 18 10 10 2
10 9 1 26 18 18 10 18 18 10 2 2
10 10 1 18 18 18 18 18 18 2 2 2
10 11 1 18 18 17 18 18 17 2 2 1
10 12 1 18 17 24 18 17 24 2 1 24
10 13 0 17 24 24 17 24 24 1 24 24
10 14 0 24 24 24 24 24 24 24 24 24
10 15 0 24 24 25 24 24 25 24 24 25
10 16 1 24 25 26 24 25 26 24 25 26
10 17 1 25 26 26 25 26 26 25 26 26
10 18 1 26 26 26 26 26 26 26 26 26
10 19 1 26 26 18 26 26 18 26 26 18
10 20 1 26 18 18 26 18 18 26 18 18
10 21 1 18 18 18 18 18 18 18 18 22
10 22 1 18 18 22 18 18 22 18 22 22
10 23 1 18 22 21 18 22 22 22 22 18
10 24 1 22 21 16 22 22 17 22 18 17
10 25 1 21 16 24 22 17 24 18 17 24
10 26 0 16 24 24 17 24 24 17 24 24
10 27 0 24 24 24 24 24 24 24 24 24
11 0 0 24 24 24 24 24 24 24 24 24
11 1 0 24 24 24 24 24 24 24 24 24
11 2 0 24 24 24 24 24 24 24 24 24
11 3 0 24 24 24 24 24 24 24 24 24
11 4 0 24 24 24 24 24 24 24 24 24
11 5 0 24 24 26 24 24 26 24 24 26
11 6 1 24 26 10 24 26 10 24 26 26
11 7 1 26 10 10 26 10 10 26 26 26
11 8 1 10 10 18 10 10 2 26 26 18
11 9 1 10 18 18 10 2 2 26 18 18
11 10 1 18 18 18 2 2 2 18 18 18
11 11 1 18 18 17 2 2 1 18 18 17
11 12 1 18 17 24 2 1 24 18 17 24
11 13 0 17 24 24 1 24 24 17 24 24
11 14 0 24 24 24 24 24 24 24 24 24
11 15 0 24 24 25 24 24 25 24 24 26
11 16 1 24 25 26 24 25 26 24 26 26
11 17 1 25 26 26 25 26 26 26 26 26
11 18 1 26 26 26 26 26 26 26 26 26
11 19 1 26 26 18 26 26 18 26 26 18
11 20 1 26 18 18 26 18 18 26 18 18
11 21 1 18 18 18 18 18 22 18 18 18
11 22 1 18 18 22 18 22 22 18 18 18
11 23 1 18 22 22 22 22 18 18 18 2
11 24 1 22 22 17 22 18 17 18 2 1
11 25 1 22 17 24 18 17 24 2 1 24
11 26 0 17 24 24 17 24 24 1 24 24
11 27 0 24 24 24 24 24 24 24 24 24
12 0 0 24 24 24 24 24 24 24 24 24
12 1 0 24 24 24 24 24 24 24 24 24
12 2 0 24 24 24 24 24 24 24 24 24
12 3 0 24 24 24 24 24 24 24 24 24
12 4 0 24 24 24 24 24 24 24 24 24
12 5 0 24 24 26 24 24 26 24 24 10
12 6 1 24 26 10 24 26 26 24 10 10
12 7 1 26 10 10 26 26 26 10 10 10
12 8 1 10 10 2 26 26 18 10 10 18
12 9 1 10 2 2 26 18 18 10 18 18
12 10 1 2 2 2 18 18 18 18 18 18
12 11 1 2 2 1 18 18 17 18 18 18
12 12 1 2 1 24 18 17 24 18 18 29
12 13 0 1 24 24 17 24 24 18 29 29
12 14 0 24 24 24 24 24 24 29 29 30
12 15 0 24 24 25 24 24 26 29 30 30
12 16 1 24 25 26 24 26 26 30 30 26
12 17 1 25 26 26 26 26 26 30 26 26
12 18 1 26 26 26 26 26 26 26 26 26
12 19 1 26 26 18 26 26 18 26 26 18
12 20 1 26 18 18 26 18 18 26 18 18
12 21 1 18 18 22 18 18 18 18 18 2
12 22 1 18 22 22 18 18 18 18 2 2
12 23 1 22 22 18 18 18 2 2 2 2
12 24 1 22 18 17 18 2 1 2 2 1
12 25 1 18 17 24 2 1 24 2 1 24
12 26 0 17 24 24 1 24 24 1 24 24
12 27 0 24 24 24 24 24 24 24 24 24
13 0 0 24 24 24 24 24 24 24 24 24
13 1 0 24 24 24 24 24 24 24 24 24
13 2 0 24 24 24 24 24 24 24 24 24
13 3 0 24 24 24 24 24 24 24 24 24
13 4 0 24 24 24 24 24 24 24 24 24
13 5 0 24 24 26 24 24 10 24 24 10
13 6 1 24 26 26 24 10 10 24 10 10
13 7 1 26 26 26 10 10 10 10 10 10
13 8 1 26 26 18 10 10 18 10 10 18
13 9 1 26 18 18 10 18 18 10 18 18
13 10 1 18 18 18 18 18 18 18 18 18
13 11 1 18 18 17 18 18 18 18 18 22
13 12 1 18 17 24 18 18 29 18 22 30
13 13 1 17 24 24 18 29 29 22 30 30
13 14 1 24 24 24 29 29 30 30 30 30
13 15 1 24 24 26 29 30 30 30 30 30
13 16 1 24 26 26 30 30 26 30 30 30
13 17 1 26 26 26 30 26 26 30 30 26
13 18 1 26 26 26 26 26 26 30 26 26
13 19 1 26 26 18 26 26 18 26 26 2
13 20 1 26 18 18 26 18 18 26 2 2
13 21 1 18 18 18 18 18 2 2 2 2
13 22 1 18 18 18 18 2 2 2 2 2
13 23 1 18 18 2 2 2 2 2 2 2
13 24 1 18 2 1 2 2 1 2 2 0
13 25 1 2 1 24 2 1 24 2 0 24
13 26 0 1 24 24 1 24 24 0 24 24
13 27 0 24 24 24 24 24 24 24 24 24
14 0 0 24 24 24 24 24 24 24 24 24
14 1 0 24 24 24 24 24 24 24 24 24
14 2 0 24 24 24 24 24 24 24 24 24
14 3 0 24 24 24 24 24 24 24 24 24
14 4 0 24 24 24 24 24 24 24 24 24
14 5 0 24 24 10 24 24 10 24 24 10
14 6 1 24 10 10 24 10 10 24 10 10
14 7 1 10 10 10 10 10 10 10 10 10
14 8 1 10 10 18 10 10 18 10 10 10
14 9 1 10 18 18 10 18 18 10 10 22
14 10 1 18 18 18 18 18 18 10 22 22
14 11 1 18 18 18 18 18 22 22 22 22
14 12 1 18 18 29 18 22 30 22 22 22
14 13 1 18 29 29 22 30 30 22 22 30
14 14 1 29 29 30 30 30 30 22 30 30
14 15 1 29 30 30 30 30 30 30 30 30
14 16 1 30 30 26 30 30 30 30 30 30
14 17 1 30 26 26 30 30 26 30 30 30
14 18 1 26 26 26 30 26 26 30 30 17
14 19 1 26 26 18 26 26 2 30 17 2
14 20 1 26 18 18 26 2 2 17 2 2
14 21 1 18 18 2 2 2 2 2 2 2
14 22 1 18 2 2 2 2 2 2 2 2
14 23 1 2 2 2 2 2 2 2 2 0
14 24 1 2 2 1 2 2 0 2 0 0
14 25 0 2 1 24 2 0 24 0 0 24
14 26 0 1 24 24 0 24 24 0 24 24
14 27 0 24 24 24 24 24 24 24 24 24
15 0 0 24 24 24 24 24 24 24 24 24
15 1 0 24 24 24 24 24 24 24 24 24
15 2 0 24 24 24 24 24 24 24 24 24
15 3 0 24 24 24 24 24 24 24 24 24
15 4 0 24 24 24 24 24 24 24 24 24
15 5 0 24 24 10 24 24 10 24 24 10
15 6 1 24 10 10 24 10 10 24 10 10
15 7 1 10 10 10 10 10 10 10 10 10
15 8 1 10 10 18 10 10 10 10 10 10
15 9 1 10 18 18 10 10 22 10 10 14
15 10 1 18 18 18 10 22 22 10 14 22
15 11 1 18 18 22 22 22 22 14 22 22
15 12 1 18 22 30 22 22 22 22 22 22
15 13 1 22 30 30 22 22 30 22 22 30
15 14 1 30 30 30 22 30 30 22 30 30
15 15 1 30 30 30 30 30 30 30 30 10
15 16 1 30 30 30 30 30 30 30 10 10
15 17 1 30 30 26 30 30 30 10 10 10
15 18 1 30 26 26 30 30 17 10 10 2
15 19 1 26 26 2 30 17 2 10 2 2
15 20 1 26 2 2 17 2 2 2 2 2
15 21 1 2 2 2 2 2 2 2 2 2
15 22 1 2 2 2 2 2 2 2 2 1
15 23 1 2 2 2 2 2 0 2 1 0
15 24 0 2 2 0 2 0 0 1 0 24
15 25 0 2 0 24 0 0 24 0 24 24
15 26 0 0 24 24 0 24 24 24 24 24
15 27 0 24 24 24 24 24 24 24 24 24
16 0 0 24 24 24 24 24 24 24 24 24
16 1 0 24 24 24 24 24 24 24 24 24
16 2 0 24 24 24 24 24 24 24 24 24
16 3 0 24 24 24 24 24 24 24 24 24
16 4 0 24 24 24 24 24 24 24 24 24
16 5 0 24 24 10 24 24 10 24 24 9
16 6 1 24 10 10 24 10 10 24 9 10
16 7 1 10 10 10 10 10 10 9 10 10
16 8 1 10 10 10 10 10 10 10 10 14
16 9 1 10 10 22 10 10 14 10 14 14
16 10 1 10 22 22 10 14 22 14 14 14
16 11 1 22 22 22 14 22 22 14 14 6
16 12 1 22 22 22 22 22 22 14 6 6
16 13 1 22 22 30 22 22 30 6 6 6
16 14 1 22 30 30 22 30 30 6 6 6
16 15 1 30 30 30 30 30 10 6 6 14
16 16 1 30 30 30 30 10 10 6 14 14
16 17 1 30 30 30 10 10 10 14 14 10
16 18 1 30 30 17 10 10 2 14 10 2
16 19 1 30 17 2 10 2 2 10 2 2
16 20 1 17 2 2 2 2 2 2 2 2
16 21 1 2 2 2 2 2 2 2 2 2
16 22 1 2 2 2 2 2 1 2 2 0
16 23 1 2 2 0 2 1 0 2 0 24
16 24 0 2 0 0 1 0 24 0 24 24
16 25 0 0 0 24 0 24 24 24 24 24
16 26 0 0 24 24 24 24 24 24 24 24
16 27 0 24 24 24 24 24 24 24 24 24
17 0 0 24 24 24 24 24 24 24 24 24
17 1 0 24 24 24 24 24 24 24 24 24
17 2 0 24 24 24 24 24 24 24 24 24
17 3 0 24 24 24 24 24 24 24 24 24
17 4 0 24 24 24 24 24 24 24 24 24
17 5 0 24 24 10 24 24 9 24 24 8
17 6 1 24 10 10 24 9 10 24 8 9
17 7 1 10 10 10 9 10 10 8 9 14
17 8 1 10 10 10 10 10 14 9 14 14
17 9 1 10 10 14 10 14 14 14 14 14
17 10 1 10 14 22 14 14 14 14 14 14
17 11 1 14 22 22 14 14 6 14 14 14
17 12 1 22 22 22 14 6 6 14 14 6
17 13 1 22 22 30 6 6 6 14 6 6
17 14 1 22 30 30 6 6 6 6 6 6
17 15 1 30 30 10 6 6 14 6 6 14
17 16 1 30 10 10 6 14 14 6 14 10
17 17 1 10 10 10 14 14 10 14 10 10
17 18 1 10 10 2 14 10 2 10 10 2
17 19 1 10 2 2 10 2 2 10 2 2
17 20 1 2 2 2 2 2 2 2 2 2
17 21 1 2 2 2 2 2 2 2 2 2
17 22 1 2 2 1 2 2 0 2 2 24
17 23 0 2 1 0 2 0 24 2 24 24
17 24 0 1 0 24 0 24 24 24 24 24
17 25 0 0 24 24 24 24 24 24 24 24
17 26 0 24 24 24 24 24 24 24 24 24
17 27 0 24 24 24 24 24 24 24 24 24
18 0 0 24 24 24 24 24 24 24 24 24
18 1 0 24 24 24 24 24 24 24 24 24
18 2 0 24 24 24 24 24 24 24 24 24
18 3 0 24 24 24 24 24 24 24 24 24
18 4 0 24 24 24 24 24 24 24 24 24
18 5 0 24 24 9 24 24 8 24 24 24
18 6 0 24 9 10 24 8 9 24 24 8
18 7 1 9 10 10 8 9 14 24 8 13
18 8 1 10 10 14 9 14 14 8 13 14
18 9 1 10 14 14 14 14 14 13 14 14
18 10 1 14 14 14 14 14 14 14 14 14
18 11 1 14 14 6 14 14 14 14 14 14
18 12 1 14 6 6 14 14 6 14 14 6
18 13 1 6 6 6 14 6 6 14 6 6
18 14 1 6 6 6 6 6 6 6 6 6
18 15 1 6 6 14 6 6 14 6 6 10
18 16 1 6 14 14 6 14 10 6 10 10
18 17 1 14 14 10 14 10 10 10 10 10
18 18 1 14 10 2 10 10 2 10 10 2
18 19 1 10 2 2 10 2 2 10 2 2
18 20 1 2 2 2 2 2 2 2 2 2
18 21 1 2 2 2 2 2 2 2 2 2
18 22 1 2 2 0 2 2 24 2 2 24
18 23 0 2 0 24 2 24 24 2 24 24
18 24 0 0 24 24 24 24 24 24 24 24
18 25 0 24 24 24 24 24 24 24 24 24
18 26 0 24 24 24 24 24 24 24 24 24
18 27 0 24 24 24 24 24 24 24 24 24
19 0 0 24 24 24 24 24 24 24 24 24
19 1 0 24 24 24 24 24 24 24 24 24
19 2 0 24 24 24 24 24 24 24 24 24
19 3 0 24 24 24 24 24 24 24 24 24
19 4 0 24 24 24 24 24 24 24 24 24
19 5 0 24 24 8 24 24 24 24 24 24
19 6 0 24 8 9 24 24 8 24 24 24
19 7 0 8 9 14 24 8 13 24 24 8
19 8 1 9 14 14 8 13 14 24 8 12
19 9 1 14 14 14 13 14 14 8 12 12
19 10 1 14 14 14 14 14 14 12 12 13
19 11 1 14 14 14 14 14 14 12 13 13
19 12 1 14 14 6 14 14 6 13 13 5
19 13 1 14 6 6 14 6 6 13 5 4
19 14 1 6 6 6 6 6 6 5 4 4
19 15 1 6 6 14 6 6 10 4 4 26
19 16 1 6 14 10 6 10 10 4 26 26
19 17 1 14 10 10 10 10 10 26 26 26
19 18 1 10 10 2 10 10 2 26 26 18
19 19 1 10 2 2 10 2 2 26 18 2
19 20 1 2 2 2 2 2 2 18 2 2
19 21 1 2 2 2 2 2 2 2 2 2
19 22 1 2 2 24 2 2 24 2 2 24
19 23 0 2 24 24 2 24 24 2 24 24
19 24 0 24 24 24 24 24 24 24 24 24
19 25 0 24 24 24 24 24 24 24 24 24
19 26 0 24 24 24 24 24 24 24 24 24
19 27 0 24 24 24 24 24 24 24 24 24
20 0 0 24 24 24 24 24 24 24 24 24
20 1 0 24 24 24 24 24 24 24 24 24
20 2 0 24 24 24 24 24 24 24 24 24
20 3 0 24 24 24 24 24 24 24 24 24
20 4 0 24 24 24 24 24 24 24 24 24
20 5 0 24 24 24 24 24 24 24 24 24
20 6 0 24 24 8 24 24 24 24 24 24
20 7 0 24 8 13 24 24 8 24 24 24
20 8 0 8 13 14 24 8 12 24 24 24
20 9 0 13 14 14 8 12 12 24 24 24
20 10 0 14 14 14 12 12 13 24 24 24
20 11 1 14 14 14 12 13 13 24 24 24
20 12 1 14 14 6 13 13 5 24 24 24
20 13 1 14 6 6 13 5 4 24 24 24
20 14 0 6 6 6 5 4 4 24 24 24
20 15 0 6 6 10 4 4 26 24 24 26
20 16 1 6 10 10 4 26 26 24 26 26
20 17 1 10 10 10 26 26 26 26 26 26
20 18 1 10 10 2 26 26 18 26 26 2
20 19 1 10 2 2 26 18 2 26 2 2
20 20 1 2 2 2 18 2 2 2 2 2
20 21 1 2 2 2 2 2 2 2 2 2
20 22 1 2 2 24 2 2 24 2 2 24
20 23 0 2 24 24 2 24 24 2 24 24
20 24 0 24 24 24 24 24 24 24 24 24
20 25 0 24 24 24 24 24 24 24 24 24
20 26 0 24 24 24 24 24 24 24 24 24
20 27 0 24 24 24 24 24 24 24 24 24
21 0 0 24 24 24 24 24 24 24 24 24
21 1 0 24 24 24 24 24 24 24 24 24
21 2 0 24 24 24 24 24 24 24 24 24
21 3 0 24 24 24 24 24 24 24 24 24
21 4 0 24 24 24 24 24 24 24 24 24
21 5 0 24 24 24 24 24 24 24 24 24
21 6 0 24 24 24 24 24 24 24 24 24
21 7 0 24 24 8 24 24 24 24 24 24
21 8 0 24 8 12 24 24 24 24 24 24
21 9 0 8 12 12 24 24 24 24 24 24
21 10 0 12 12 13 24 24 24 24 24 24
21 11 0 12 13 13 24 24 24 24 24 24
21 12 0 13 13 5 24 24 24 24 24 24
21 13 0 13 5 4 24 24 24 24 24 24
21 14 0 5 4 4 24 24 24 24 24 24
21 15 0 4 4 26 24 24 26 24 24 10
21 16 1 4 26 26 24 26 26 24 10 10
21 17 1 26 26 26 26 26 26 10 10 10
21 18 1 26 26 18 26 26 2 10 10 2
21 19 1 26 18 2 26 2 2 10 2 2
21 20 1 18 2 2 2 2 2 2 2 2
21 21 1 2 2 2 2 2 2 2 2 1
21 22 1 2 2 24 2 2 24 2 1 24
21 23 0 2 24 24 2 24 24 1 24 24
21 24 0 24 24 24 24 24 24 24 24 24
21 25 0 24 24 24 24 24 24 24 24 24
21 26 0 24 24 24 24 24 24 24 24 24
21 27 0 24 24 24 24 24 24 24 24 24
22 0 0 24 24 24 24 24 24 24 24 24
22 1 0 24 24 24 24 24 24 24 24 24
22 2 0 24 24 24 24 24 24 24 24 24
22 3 0 24 24 24 24 24 24 24 24 24
22 4 0 24 24 24 24 24 24 24 24 24
22 5 0 24 24 24 24 24 24 24 24 24
22 6 0 24 24 24 24 24 24 24 24 24
22 7 0 24 24 24 24 24 24 24 24 24
22 8 0 24 24 24 24 24 24 24 24 24
22 9 0 24 24 24 24 24 24 24 24 24
22 10 0 24 24 24 24 24 24 24 24 24
22 11 0 24 24 24 24 24 24 24 24 24
22 12 0 24 24 24 24 24 24 24 24 24
22 13 0 24 24 24 24 24 24 24 24 24
22 14 0 24 24 24 24 24 24 24 24 24
22 15 0 24 24 26 24 24 10 24 24 10
22 16 1 24 26 26 24 10 10 24 10 10
22 17 1 26 26 26 10 10 10 10 10 10
22 18 1 26 26 2 10 10 2 10 10 6
22 19 1 26 2 2 10 2 2 10 6 2
22 20 1 2 2 2 2 2 2 6 2 2
22 21 1 2 2 2 2 2 1 2 2 1
22 22 1 2 2 24 2 1 24 2 1 24
22 23 0 2 24 24 1 24 24 1 24 24
22 24 0 24 24 24 24 24 24 24 24 24
22 25 0 24 24 24 24 24 24 24 24 24
22 26 0 24 24 24 24 24 24 24 24 24
22 27 0 24 24 24 24 24 24 24 24 24
23 0 0 24 24 24 24 24 24 24 24 24
23 1 0 24 24 24 24 24 24 24 24 24
23 2 0 24 24 24 24 24 24 24 24 24
23 3 0 24 24 24 24 24 24 24 24 24
23 4 0 24 24 24 24 24 24 24 24 24
23 5 0 24 24 24 24 24 24 24 24 24
23 6 0 24 24 24 24 24 24 24 24 24
23 7 0 24 24 24 24 24 24 24 24 24
23 8 0 24 24 24 24 24 24 24 24 24
23 9 0 24 24 24 24 24 24 24 24 24
23 10 0 24 24 24 24 24 24 24 24 24
23 11 0 24 24 24 24 24 24 24 24 24
23 12 0 24 24 24 24 24 24 24 24 24
23 13 0 24 24 24 24 24 24 24 24 24
23 14 0 24 24 24 24 24 24 24 24 24
23 15 0 24 24 10 24 24 10 24 24 9
23 16 1 24 10 10 24 10 10 24 9 10
23 17 1 10 10 10 10 10 10 9 10 14
23 18 1 10 10 2 10 10 6 10 14 6
23 19 1 10 2 2 10 6 2 14 6 2
23 20 1 2 2 2 6 2 2 6 2 2
23 21 1 2 2 1 2 2 1 2 2 1
23 22 1 2 1 24 2 1 24 2 1 24
23 23 0 1 24 24 1 24 24 1 24 24
23 24 0 24 24 24 24 24 24 24 24 24
23 25 0 24 24 24 24 24 24 24 24 24
23 26 0 24 24 24 24 24 24 24 24 24
23 27 0 24 24 24 24 24 24 24 24 24
24 0 0 24 24 24 24 24 24 24 24 24
24 1 0 24 24 24 24 24 24 24 24 24
24 2 0 24 24 24 24 24 24 24 24 24
24 3 0 24 24 24 24 24 24 24 24 24
24 4 0 24 24 24 24 24 24 24 24 24
24 5 0 24 24 24 24 24 24 24 24 24
24 6 0 24 24 24 24 24 24 24 24 24
24 7 0 24 24 24 24 24 24 24 24 24
24 8 0 24 24 24 24 24 24 24 24 24
24 9 0 24 24 24 24 24 24 24 24 24
24 10 0 24 24 24 24 24 24 24 24 24
24 11 0 24 24 24 24 24 24 24 24 24
24 12 0 24 24 24 24 24 24 24 24 24
24 13 0 24 24 24 24 24 24 24 24 24
24 14 0 24 24 24 24 24 24 24 24 24
24 15 0 24 24 10 24 24 9 24 24 8
24 16 1 24 10 10 24 9 10 24 8 10
24 17 1 10 10 10 9 10 14 8 10 14
24 18 1 10 10 6 10 14 6 10 14 14
24 19 1 10 6 2 14 6 2 14 14 6
24 21 1 2 2 1 2 2 1 6 2 0
24 22 1 2 1 24 2 1 24 2 0 24
24 23 0 1 24 24 1 24 24 0 24 24
24 24 0 24 24 24 24 24 24 24 24 24
24 25 0 24 24 24 24 24 24 24 24 24
24 25 0 24 24 24 24 24 24 24 24 24
24 25 0 24 24 24 24 24 24 24 24 24
24 25 0 24 24 24 24 24 24 24 24 24
24 25 0 24 24 24 24 24 24 24 24 24
24 25 0 24 24 24 24 24 24 24 24 24
24 25 0 24 24 24 24 24 24 24 24 24
24 25 0 24 24 24 24 24 24 24 24 24
24 25 0 24 24 24 24 24 24 24 24 24
24 25 0 24 24 24 24 24 24 24 24 24
24 25 0 24 24 24 24 24 24 24 24 24
24 25 0 24 24 24 24 24 24 24 24 24
24 25 0 24 24 24 24 24 24 24 24 24
24 25 0 24 24 24 24 24 24 24 24 24
24 25 0 24 24 24 24 24 24 24 24 24
24 25 0 24 24 24 24 24 24 24 24 24
24 25 0 24 24 24 24 24 24 24 24 24
24 25 0 24 24 24 24 24 24 24 24 24
24 25 0 24 24 9 24 24 8 24 24 24
24 25 0 24 9 10 24 8 10 24 24 8
24 25 1 9 10 14 8 10 14 24 8 13
24 25 1 10 14 6 10 14 14 8 13 13
24 25 1 14 6 2 14 14 6 13 13 5
24 25 1 6 2 2 14 6 2 13 5 5
24 25 1 2 2 1 6 2 0 5 5 0
24 25 0 2 1 24 2 0 24 5 0 24
24 25 0 1 24 24 0 24 24 0 24 24
24 25 0 24 24 24 24 24 24 24 24 24
24 25 0 24 24 24 24 24 24 24 24 24
24 25 0 24 24 24 24 24 24 24 24 24
24 25 0 24 24 24 24 24 24 24 24 24
24 25 0 24 24 24 24 24 24 24 24 24
24 25 0 24 24 24 24 24 24 24 24 24
24 25 0 24 24 24 24 24 24 24 24 24
24 25 0 24 24 24 24 24 24 24 24 24
24 25 0 24 24 24 24 24 24 24 24 24
24 25 0 24 24 24 24 24 24 24 24 24
24 25 0 24 24 24 24 24 24 24 24 24
24 25 0 24 24 24 24 24 24 24 24 24
24 25 0 24 24 24 24 24 24 24 24 24
24 25 0 24 24 24 24 24 24 24 24 24
24 25 0 24 24 24 24 24 24 24 24 24
24 25 0 24 24 24 24 24 24 24 24 24
24 25 0 24 24 24 24 24 24 24 24 24
24 25 0 24 24 24 24 24 24 24 24 24
24 25 0 24 24 24 24 24 24 24 24 24
24 25 0 24 24 8 24 24 24 24 24 24
24 25 0 24 8 10 24 24 8 24 24 24
24 25 0 8 10 14 24 8 13 24 24 24
24 25 1 10 14 14 8 13 13 24 24 24
24 25 1 14 14 6 13 13 5 24 24 24
24 25 1 14 6 2 13 5 5 24 24 24
24 25 1 6 2 0 5 5 0 24 24 24
24 25 0 2 0 24 5 0 24 24 24 24
24 25 0 0 24 24 0 24 24 24 24 24
24 25 0 24 24 24 24 24 24 24 24 24
24 25 0 24 24 24 24 24 24 24 24 24
24 25 0 24 24 24 24 24 24 24 24 24
24 25 0 24 24 24 24 24 24 24 24 24
24 25 0 24 24 24 24 24 24 24 24 24
24 25 0 24 24 24 24 24 24 24 24 24
24 25 0 24 24 24 24 24 24 24 24 24
24 25 0 24 24 24 24 24 24 24 24 24
24 25 0 24 24 24 24 24 24 24 24 24
24 25 0 24 24 24 24 24 24 24 24 24
24 25 0 24 24 24 24 24 24 24 24 24
24 25 0 24 24 24 24 24 24 24 24 24
24 25 0 24 24 24 24 24 24 24 24 24
24 25 0 24 24 24 24 24 24 24 24 24
24 25 0 24 24 24 24 24 24 24 24 24
24 25 0 24 24 24 24 24 24 24 24 24
24 25 0 24 24 24 24 24 24 24 24 24
24 25 0 24 24 24 24 24 24 24 24 24
24 25 0 24 24 24 24 24 24 24 24 24
24 25 0 24 24 24 24 24 24 24 24 24
24 25 0 24 24 8 24 24 24 24 24 24
24 25 0 24 8 13 24 24 24 24 24 24
24 25 0 8 13 13 24 24 24 24 24 24
24 25 0 13 13 5 24 24 24 24 24 24
24 25 0 13 5 5 24 24 24 24 24 24
24 25 0 5 5 0 24 24 24 24 24 24
24 25 0 5 0 24 24 24 24 24 24 24
24 25 0 0 24 24 24 24 24 24 24 24
24 25 0 24 24 24 24 24 24 24 24 24
24 25 0 24 24 24 24 24 24 24 24 24
24 25 0 24 24 24 24 24 24 24 24 24
24 25 0 24 24 24 24 24 24 24 24 24
24 25 0 24 24 24 24 24 24 24 24 24
24 25 0 24 24 24 24 24 24 24 24 24
24 25 0 24 24 24 24 24 24 24 24 24
24 25 0 24 24 24 24 24 24 24 24 24
24 25 0 24 24 24 24 24 24 24 24 24
24 25 0 24 24 24 24 24 24 24 24 24
24 25 0 24 24 24 24 24 24 24 24 24
24 25 0 24 24 24 24 24 24 24 24 24
24 25 0 24 24 24 24 24 24 24 24 24
24 25 0 24 24 24 24 24 24 24 24 24
24 25 0 24 24 24 24 24 24 24 24 24
24 25 0 24 24 24 24 24 24 24 24 24
24 25 0 24 24 24 24 24 24 24 24 24
24 25 0 24 24 24 24 24 24 24 24 24
24 25 0 24 24 24 24 24 24 24 24 24
24 25 0 24 24 24 24 24 24 24 24 24
24 25 0 24 24 24 24 24 24 24 24 24
24 25 0 24 24 24 24 24 24 24 24 24
24 25 0 24 24 24 24 24 24 24 24 24
24 25 0 24 24 24 24 24 24 24 24 24
24 25 0 24 24 24 24 24 24 24 24 24
24 25 0 24 24 24 24 24 24 24 24 24
24 25 0 24 24 24 24 24 24 24 24 24
24 25 0 24 24 24 24 24 24 24 24 24
24 25 0 24 24 24 24 24 24 24 24 24
24 25 0 24 24 24 24 24 24 24 24 24
24 25 0 24 24 24 24 24 24 24 24 24
24 25 0 24 24 24 24 24 24 24 24 24
24 25 0 24 24 24 24 24 24 24 24 24
24 25 0 24 24 24 24 24 24 24 24 24
24 25 0 24 24 24 24 24 24 24 24 24
24 25 0 24 24 24 24 24 24 24 24 24
24 25 0 24 24 24 24 24 24 24 24 24
24 25 0 24 24 24 24 24 24 24 24 24
24 25 0 24 24 24 24 24 24 24 24 24
24 25 0 24 24 24 24 24 24 24 24 24
24 25 0 24 24 24 24 24 24 24 24 24
24 25 0 24 24 24 24 24 24 24 24 24
24 25 0 24 24 24 24 24 24 24 24 24
24 25 0 24 24 24 24 24 24 24 24 24
24 25 0 24 24 24 24 24 24 24 24 24
24 25 0 24 24 24 24 24 24 24 24 24
24 25 0 24 24 24 24 24 24 24 24 24
24 25 0 24 24 24 24 24 24 24 24 24
24 25 0 24 24 24 24 24 24 24 24 24
24 25 0 24 24 24 24 24 24 24 24 24
24 25 0 24 24 24 24 24 24 24 24 24
24 25 0 24 24 24 24 24 24 24 24 24
24 25 0 24 24 24 24 24 24 24 24 24
24 25 0 24 24 24 24 24 24 24 24 24
24 25 0 24 24 24 24 24 24 24 24 24
24 25 0 24 24 24 24 24 24 24 24 24
24 25 0 24 24 24 24 24 24 24 24 24
24 25 0 24 24 24 24 24 24 24 24 24
24 25 0 24 24 24 24 24 24 24 24 24
24 25 0 24 24 24 24 24 24 24 24 24
24 25 0 24 24 24 24 24 24 24 24 24
24 25 0 24 24 24 24 24 24 24 24 24
24 25 0 24 24 24 24 24 24 24 24 24
24 25 0 24 24 24 24 24 24 24 24 24
24 25 0 24 24 24 24 24 24 24 24 24
24 25 0 24 24 24 24 24 24 24 24 24
24 25 0 24 24 24 24 24 24 24 24 29
24 25 0 24 24 24 24 24 24 24 29 30
24 25 0 24 24 24 24 24 24 29 30 22
24 25 0 24 24 24 24 24 24 30 22 21
24 25 0 24 24 24 24 24 24 22 21 16
24 25 0 24 24 24 24 24 24 21 16 24
24 25 0 24 24 24 24 24 24 16 24 24
24 25 0 24 24 24 24 24 24 24 24 24
24 25 0 24 24 24 24 24 24 24 24 24
24 25 0 24 24 24 24 24 24 24 24 24
24 25 0 24 24 24 24 24 24 24 24 24
24 25 0 24 24 24 24 24 24 24 24 28
24 25 0 24 24 24 24 24 24 24 28 20
24 25 0 24 24 24 24 24 24 28 20 20
24 25 0 24 24 24 24 24 24 20 20 16
24 25 0 24 24 24 24 24 24 20 16 24
24 25 0 24 24 24 24 24 24 16 24 24
24 25 0 24 24 24 24 24 24 24 24 24
24 25 0 24 24 24 24 24 24 24 24 24
24 25 0 24 24 24 24 24 24 24 24 24
24 25 0 24 24 24 24 24 24 24 24 24
24 25 0 24 24 24 24 24 24 24 24 24
24 25 0 24 24 24 24 24 24 24 24 24
24 25 0 24 24 24 24 24 24 24 24 24
24 25 0 24 24 24 24 24 24 24 24 24
24 25 0 24 24 24 24 24 24 24 24 24
24 25 0 24 24 24 24 24 24 24 24 24
24 25 0 24 24 24 24 24 24 24 24 25
24 25 0 24 24 24 24 24 29 24 25 30
24 25 1 24 24 24 24 29 30 25 30 30
24 25 1 24 24 24 29 30 22 30 30 22
24 25 1 24 24 24 30 22 21 30 22 22
24 25 1 24 24 24 22 21 16 22 22 17
24 25 0 24 24 24 21 16 24 22 17 24
24 25 0 24 24 24 16 24 24 17 24 24
24 25 0 24 24 24 24 24 24 24 24 24
24 25 0 24 24 24 24 24 24 24 24 24
24 25 0 24 24 24 24 24 24 24 24 24
24 25 0 24 24 24 24 24 24 24 24 25
24 25 0 24 24 24 24 24 28 24 25 30
24 25 0 24 24 24 24 28 20 25 30 22
24 25 0 24 24 24 28 20 20 30 22 22
24 25 0 24 24 24 20 20 16 22 22 21
24 25 0 24 24 24 20 16 24 22 21 16
24 25 0 24 24 24 16 24 24 21 16 24
24 25 0 24 24 24 24 24 24 16 24 24
24 25 0 24 24 24 24 24 24 24 24 24
24 25 0 24 24 24 24 24 24 24 24 24
24 25 0 24 24 24 24 24 24 24 24 24
24 25 0 24 24 24 24 24 24 24 24 24
24 25 0 24 24 24 24 24 24 24 24 24
24 25 0 24 24 24 24 24 24 24 24 24
24 25 0 24 24 24 24 24 24 24 24 24
24 25 0 24 24 24 24 24 24 24 24 24
24 25 0 24 24 24 24 24 24 24 24 24
24 25 0 24 24 24 24 24 25 24 24 26
24 25 1 24 24 29 24 25 30 24 26 26
24 25 1 24 29 30 25 30 30 26 26 30
24 25 1 29 30 22 30 30 22 26 30 22
24 25 1 30 22 21 30 22 22 30 22 18
24 25 1 22 21 16 22 22 17 22 18 18
24 25 1 21 16 24 22 17 24 18 18 24
24 25 0 16 24 24 17 24 24 18 24 24
24 25 0 24 24 24 24 24 24 24 24 24
24 25 0 24 24 24 24 24 24 24 24 24
24 25 0 24 24 24 24 24 24 24 24 24
24 25 0 24 24 24 24 24 25 24 24 26
24 25 1 24 24 28 24 25 30 24 26 30
24 25 1 24 28 20 25 30 22 26 30 30
24 25 1 28 20 20 30 22 22 30 30 22
24 25 1 20 20 16 22 22 21 30 22 18
24 25 1 20 16 24 22 21 16 22 18 17
24 25 0 16 24 24 21 16 24 18 17 24
24 25 0 24 24 24 16 24 24 17 24 24
24 25 0 24 24 24 24 24 24 24 24 24
24 25 0 24 24 24 24 24 24 24 24 24
24 25 0 24 24 24 24 24 24 24 24 24
24 25 0 24 24 24 24 24 24 24 24 24
24 25 0 24 24 24 24 24 24 24 24 24
24 25 0 24 24 24 24 24 24 24 24 24
24 25 0 24 24 24 24 24 24 24 24 24
24 25 0 24 24 24 24 24 24 24 24 24
24 25 0 24 24 24 24 24 24 24 24 24
24 25 0 24 24 25 24 24 26 24 24 26
24 25 1 24 25 30 24 26 26 24 26 26
24 25 1 25 30 30 26 26 30 26 26 26
24 25 1 30 30 22 26 30 22 26 26 18
24 25 1 30 22 22 30 22 18 26 18 18
24 25 1 22 22 17 22 18 18 18 18 18
24 25 1 22 17 24 18 18 24 18 18 16
24 25 0 17 24 24 18 24 24 18 16 24
24 25 0 24 24 24 24 24 24 16 24 24
24 25 0 24 24 24 24 24 24 24 24 24
24 25 0 24 24 24 24 24 24 24 24 25
24 25 0 24 24 25 24 24 26 24 25 26
24 25 1 24 25 30 24 26 30 25 26 26
24 25 1 25 30 22 26 30 30 26 26 30
24 25 1 30 22 22 30 30 22 26 30 18
24 25 1 22 22 21 30 22 18 30 18 18
24 25 1 22 21 16 22 18 17 18 18 18
24 25 1 21 16 24 18 17 24 18 18 16
24 25 0 16 24 24 17 24 24 18 16 24
24 25 0 24 24 24 24 24 24 16 24 24
24 25 0 24 24 24 24 24 24 24 24 24
24 25 0 24 24 24 24 24 24 24 24 24
24 25 0 24 24 24 24 24 24 24 24 24
24 25 0 24 24 24 24 24 24 24 24 24
24 25 0 24 24 24 24 24 24 24 24 24
24 25 0 24 24 24 24 24 24 24 24 24
24 25 0 24 24 24 24 24 24 24 24 24
24 25 0 24 24 24 24 24 24 24 24 24
24 25 0 24 24 26 24 24 26 24 24 26
24 25 1 24 26 26 24 26 26 24 26 26
24 25 1 26 26 30 26 26 26 26 26 26
24 25 1 26 30 22 26 26 18 26 26 18
24 25 1 30 22 18 26 18 18 26 18 18
24 25 1 22 18 18 18 18 18 18 18 18
24 25 1 18 18 24 18 18 16 18 18 16
24 25 0 18 24 24 18 16 24 18 16 24
24 25 0 24 24 24 16 24 24 16 24 24
24 25 0 24 24 24 24 24 24 24 24 24
24 25 0 24 24 24 24 24 25 24 24 25
24 25 1 24 24 26 24 25 26 24 25 26
24 25 1 24 26 30 25 26 26 25 26 26
24 25 1 26 30 30 26 26 30 26 26 30
24 25 1 30 30 22 26 30 18 26 30 18
24 25 1 30 22 18 30 18 18 30 18 18
24 25 1 22 18 17 18 18 18 18 18 18
24 25 1 18 17 24 18 18 16 18 18 16
24 25 0 17 24 24 18 16 24 18 16 24
24 25 0 24 24 24 16 24 24 16 24 24
24 25 0 24 24 24 24 24 24 24 24 24
24 25 0 24 24 24 24 24 24 24 24 24
24 25 0 24 24 24 24 24 24 24 24 24
24 25 0 24 24 24 24 24 24 24 24 24
24 25 0 24 24 24 24 24 24 24 24 24
24 25 0 24 24 24 24 24 24 24 24 24
24 25 0 24 24 24 24 24 24 24 24 24
24 25 0 24 24 24 24 24 24 24 24 24
24 25 0 24 24 26 24 24 26 24 24 26
24 25 1 24 26 26 24 26 26 24 26 26
24 25 1 26 26 26 26 26 26 26 26 26
24 25 1 26 26 18 26 26 18 26 26 18
24 25 1 26 18 18 26 18 18 26 18 18
24 25 1 18 18 18 18 18 18 18 18 18
24 25 1 18 18 16 18 18 16 18 18 17
24 25 0 18 16 24 18 16 24 18 17 24
24 25 0 16 24 24 16 24 24 17 24 24
24 25 0 24 24 24 24 24 24 24 24 24
24 25 0 24 24 25 24 24 25 24 24 25
24 25 1 24 25 26 24 25 26 24 25 26
24 25 1 25 26 26 25 26 26 25 26 26
24 25 1 26 26 30 26 26 30 26 26 26
24 25 1 26 30 18 26 30 18 26 26 18
24 25 1 30 18 18 30 18 18 26 18 18
24 25 1 18 18 18 18 18 18 18 18 18
24 25 1 18 18 16 18 18 16 18 18 16
24 25 0 18 16 24 18 16 24 18 16 24
24 25 0 16 24 24 16 24 24 16 24 24
24 25 0 24 24 24 24 24 24 24 24 24
24 25 0 24 24 24 24 24 24 24 24 24
24 25 0 24 24 24 24 24 24 24 24 24
24 25 0 24 24 24 24 24 24 24 24 24
24 25 0 24 24 24 24 24 24 24 24 24
24 25 0 24 24 24 24 24 24 24 24 24
24 25 0 24 24 24 24 24 24 24 24 24
24 25 0 24 24 24 24 24 24 24 24 24
24 25 0 24 24 26 24 24 26 24 24 26
24 25 1 24 26 26 24 26 26 24 26 26
24 25 1 26 26 26 26 26 26 26 26 26
24 25 1 26 26 18 26 26 18 26 26 18
24 25 1 26 18 18 26 18 18 26 18 18
24 25 1 18 18 18 18 18 18 18 18 18
24 25 1 18 18 16 18 18 17 18 18 17
24 25 1 18 16 24 18 17 24 18 17 24
24 25 0 16 24 24 17 24 24 17 24 24
24 25 0 24 24 24 24 24 24 24 24 24
24 25 0 24 24 25 24 24 25 24 24 25
24 25 1 24 25 26 24 25 26 24 25 26
24 25 1 25 26 26 25 26 26 25 26 26
24 25 1 26 26 30 26 26 26 26 26 26
24 25 1 26 30 18 26 26 18 26 26 18
24 25 1 30 18 18 26 18 18 26 18 18
24 25 1 18 18 18 18 18 18 18 18 18
24 25 1 18 18 16 18 18 16 18 18 22
24 25 0 18 16 24 18 16 24 18 22 21
24 25 0 16 24 24 16 24 24 22 21 16
24 25 0 24 24 24 24 24 24 21 16 24
24 25 0 24 24 24 24 24 24 16 24 24
24 25 0 24 24 24 24 24 24 24 24 24
24 25 0 24 24 24 24 24 24 24 24 24
24 25 0 24 24 24 24 24 24 24 24 24
24 25 0 24 24 24 24 24 24 24 24 24
24 25 0 24 24 24 24 24 24 24 24 24
24 25 0 24 24 24 24 24 24 24 24 24
24 25 0 24 24 26 24 24 26 24 24 26
24 25 1 24 26 26 24 26 26 24 26 10
24 25 1 26 26 26 26 26 26 26 10 10
24 25 1 26 26 18 26 26 18 10 10 18
24 25 1 26 18 18 26 18 18 10 18 18
24 25 1 18 18 18 18 18 18 18 18 18
24 25 1 18 18 17 18 18 17 18 18 17
24 25 1 18 17 24 18 17 24 18 17 24
24 25 0 17 24 24 17 24 24 17 24 24
24 25 0 24 24 24 24 24 24 24 24 24
24 25 0 24 24 25 24 24 25 24 24 25
24 25 1 24 25 26 24 25 26 24 25 26
24 25 1 25 26 26 25 26 26 25 26 26
24 25 1 26 26 26 26 26 26 26 26 26
24 25 1 26 26 18 26 26 18 26 26 18
24 25 1 26 18 18 26 18 18 26 18 18
24 25 1 18 18 18 18 18 18 18 18 18
24 25 1 18 18 16 18 18 22 18 18 22
24 25 1 18 16 24 18 22 21 18 22 22
24 25 1 16 24 24 22 21 16 22 22 17
24 25 0 24 24 24 21 16 24 22 17 24
24 25 0 24 24 24 16 24 24 17 24 24
24 25 0 24 24 24 24 24 24 24 24 24
24 25 0 24 24 24 24 24 24 24 24 24
24 25 0 24 24 24 24 24 24 24 24 24
24 25 0 24 24 24 24 24 24 24 24 24
24 25 0 24 24 24 24 24 24 24 24 24
24 25 0 24 24 24 24 24 24 24 24 24
24 25 0 24 24 26 24 24 26 24 24 26
24 25 1 24 26 26 24 26 10 24 26 10
24 25 1 26 26 26 26 10 10 26 10 10
24 25 1 26 26 18 10 10 18 10 10 2
24 25 1 26 18 18 10 18 18 10 2 2
24 25 1 18 18 18 18 18 18 2 2 2
24 25 1 18 18 17 18 18 17 2 2 1
24 25 1 18 17 24 18 17 24 2 1 24
24 25 0 17 24 24 17 24 24 1 24 24
24 25 0 24 24 24 24 24 24 24 24 24
24 25 0 24 24 25 24 24 25 24 24 25
24 25 1 24 25 26 24 25 26 24 25 26
24 25 1 25 26 26 25 26 26 25 26 26
24 25 1 26 26 26 26 26 26 26 26 26
24 25 1 26 26 18 26 26 18 26 26 18
24 25 1 26 18 18 26 18 18 26 18 18
24 25 1 18 18 18 18 18 18 18 18 22
24 25 1 18 18 22 18 18 22 18 22 22
24 25 1 18 22 21 18 22 22 22 22 18
24 25 1 22 21 16 22 22 17 22 18 17
24 25 1 21 16 24 22 17 24 18 17 24
24 25 0 16 24 24 17 24 24 17 24 24
24 25 0 24 24 24 24 24 24 24 24 24
24 25 0 24 24 24 24 24 24 24 24 24
24 25 0 24 24 24 24 24 24 24 24 24
24 25 0 24 24 24 24 24 24 24 24 24
24 25 0 24 24 24 24 24 24 24 24 24
24 25 0 24 24 24 24 24 24 24 24 24
24 25 0 24 24 26 24 24 26 24 24 26
24 25 1 24 26 10 24 26 10 24 26 26
24 25 1 26 10 10 26 10 10 26 26 26
24 25 1 10 10 18 10 10 2 26 26 18
24 25 1 10 18 18 10 2 2 26 18 18
24 25 1 18 18 18 2 2 2 18 18 18
24 25 1 18 18 17 2 2 1 18 18 17
24 25 1 18 17 24 2 1 24 18 17 24
24 25 0 17 24 24 1 24 24 17 24 24
24 25 0 24 24 24 24 24 24 24 24 24
24 25 0 24 24 25 24 24 25 24 24 26
24 25 1 24 25 26 24 25 26 24 26 26
24 25 1 25 26 26 25 26 26 26 26 26
24 25 1 26 26 26 26 26 26 26 26 26
24 25 1 26 26 18 26 26 18 26 26 18
24 25 1 26 18 18 26 18 18 26 18 18
24 25 1 18 18 18 18 18 22 18 18 18
24 25 1 18 18 22 18 22 22 18 18 18
24 25 1 18 22 22 22 22 18 18 18 2
24 25 1 22 22 17 22 18 17 18 2 1
24 25 1 22 17 24 18 17 24 2 1 24
24 25 0 17 24 24 17 24 24 1 24 24
24 25 0 24 24 24 24 24 24 24 24 24
24 25 0 24 24 24 24 24 24 24 24 24
24 25 0 24 24 24 24 24 24 24 24 24
24 25 0 24 24 24 24 24 24 24 24 24
24 25 0 24 24 24 24 24 24 24 24 24
24 25 0 24 24 24 24 24 24 24 24 24
24 25 0 24 24 26 24 24 26 24 24 10
24 25 1 24 26 10 24 26 26 24 10 10
24 25 1 26 10 10 26 26 26 10 10 10
24 25 1 10 10 2 26 26 18 10 10 18
24 25 1 10 2 2 26 18 18 10 18 18
24 25 1 2 2 2 18 18 18 18 18 18
24 25 1 2 2 1 18 18 17 18 18 18
24 25 1 2 1 24 18 17 24 18 18 29
24 25 0 1 24 24 17 24 24 18 29 29
24 25 0 24 24 24 24 24 24 29 29 30
24 25 0 24 24 25 24 24 26 29 30 30
24 25 1 24 25 26 24 26 26 30 30 26
24 25 1 25 26 26 26 26 26 30 26 26
24 25 1 26 26 26 26 26 26 26 26 26
24 25 1 26 26 18 26 26 18 26 26 18
24 25 1 26 18 18 26 18 18 26 18 18
24 25 1 18 18 22 18 18 18 18 18 2
24 25 1 18 22 22 18 18 18 18 2 2
24 25 1 22 22 18 18 18 2 2 2 2
24 25 1 22 18 17 18 2 1 2 2 1
24 25 1 18 17 24 2 1 24 2 1 24
24 25 0 17 24 24 1 24 24 1 24 24
24 25 0 24 24 24 24 24 24 24 24 24
24 25 0 24 24 24 24 24 24 24 24 24
24 25 0 24 24 24 24 24 24 24 24 24
24 25 0 24 24 24 24 24 24 24 24 24
24 25 0 24 24 24 24 24 24 24 24 24
24 25 0 24 24 24 24 24 24 24 24 24
24 25 0 24 24 26 24 24 10 24 24 10
24 25 1 24 26 26 24 10 10 24 10 10
24 25 1 26 26 26 10 10 10 10 10 10
24 25 1 26 26 18 10 10 18 10 10 18
24 25 1 26 18 18 10 18 18 10 18 18
24 25 1 18 18 18 18 18 18 18 18 18
24 25 1 18 18 17 18 18 18 18 18 22
24 25 1 18 17 24 18 18 29 18 22 30
24 25 1 17 24 24 18 29 29 22 30 30
24 25 1 24 24 24 29 29 30 30 30 30
24 25 1 24 24 26 29 30 30 30 30 30
24 25 1 24 26 26 30 30 26 30 30 30
24 25 1 26 26 26 30 26 26 30 30 26
24 25 1 26 26 26 26 26 26 30 26 26
24 25 1 26 26 18 26 26 18 26 26 2
24 25 1 26 18 18 26 18 18 26 2 2
24 25 1 18 18 18 18 18 2 2 2 2
24 25 1 18 18 18 18 2 2 2 2 2
24 25 1 18 18 2 2 2 2 2 2 2
24 25 1 18 2 1 2 2 1 2 2 0
24 25 1 2 1 24 2 1 24 2 0 24
24 25 0 1 24 24 1 24 24 0 24 24
24 25 0 24 24 24 24 24 24 24 24 24
24 25 0 24 24 24 24 24 24 24 24 24
24 25 0 24 24 24 24 24 24 24 24 24
24 25 0 24 24 24 24 24 24 24 24 24
24 25 0 24 24 24 24 24 24 24 24 24
24 25 0 24 24 24 24 24 24 24 24 24
24 25 0 24 24 10 24 24 10 24 24 10
24 25 1 24 10 10 24 10 10 24 10 10
24 25 1 10 10 10 10 10 10 10 10 10
24 25 1 10 10 18 10 10 18 10 10 10
24 25 1 10 18 18 10 18 18 10 10 22
24 25 1 18 18 18 18 18 18 10 22 22
24 25 1 18 18 18 18 18 22 22 22 22
24 25 1 18 18 29 18 22 30 22 22 22
24 25 1 18 29 29 22 30 30 22 22 30
24 25 1 29 29 30 30 30 30 22 30 30
24 25 1 29 30 30 30 30 30 30 30 30
24 25 1 30 30 26 30 30 30 30 30 30
24 25 1 30 26 26 30 30 26 30 30 30
24 25 1 26 26 26 30 26 26 30 30 17
24 25 1 26 26 18 26 26 2 30 17 2
24 25 1 26 18 18 26 2 2 17 2 2
24 25 1 18 18 2 2 2 2 2 2 2
24 25 1 18 2 2 2 2 2 2 2 2
24 25 1 2 2 2 2 2 2 2 2 0
24 25 1 2 2 1 2 2 0 2 0 0
24 25 0 2 1 24 2 0 24 0 0 24
24 25 0 1 24 24 0 24 24 0 24 24
24 25 0 24 24 24 24 24 24 24 24 24
24 25 0 24 24 24 24 24 24 24 24 24
24 25 0 24 24 24 24 24 24 24 24 24
24 25 0 24 24 24 24 24 24 24 24 24
24 25 0 24 24 24 24 24 24 24 24 24
24 25 0 24 24 24 24 24 24 24 24 24
24 25 0 24 24 10 24 24 10 24 24 10
24 25 1 24 10 10 24 10 10 24 10 10
24 25 1 10 10 10 10 10 10 10 10 10
24 25 1 10 10 18 10 10 10 10 10 10
24 25 1 10 18 18 10 10 22 10 10 14
24 25 1 18 18 18 10 22 22 10 14 22
24 25 1 18 18 22 22 22 22 14 22 22
24 25 1 18 22 30 22 22 22 22 22 22
24 25 1 22 30 30 22 22 30 22 22 30
24 25 1 30 30 30 22 30 30 22 30 30
24 25 1 30 30 30 30 30 30 30 30 10
24 25 1 30 30 30 30 30 30 30 10 10
24 25 1 30 30 26 30 30 30 10 10 10
24 25 1 30 26 26 30 30 17 10 10 2
24 25 1 26 26 2 30 17 2 10 2 2
24 25 1 26 2 2 17 2 2 2 2 2
24 25 1 2 2 2 2 2 2 2 2 2
24 25 1 2 2 2 2 2 2 2 2 1
24 25 1 2 2 2 2 2 0 2 1 0
24 25 0 2 2 0 2 0 0 1 0 24
24 25 0 2 0 24 0 0 24 0 24 24
24 25 0 0 24 24 0 24 24 24 24 24
24 25 0 24 24 24 24 24 24 24 24 24
24 25 0 24 24 24 24 24 24 24 24 24
24 25 0 24 24 24 24 24 24 24 24 24
24 25 0 24 24 24 24 24 24 24 24 24
24 25 0 24 24 24 24 24 24 24 24 24
24 25 0 24 24 24 24 24 24 24 24 24
24 25 0 24 24 10 24 24 10 24 24 9
24 25 1 24 10 10 24 10 10 24 9 10
24 25 1 10 10 10 10 10 10 9 10 10
24 25 1 10 10 10 10 10 10 10 10 14
24 25 1 10 10 22 10 10 14 10 14 14
24 25 1 10 22 22 10 14 22 14 14 14
24 25 1 22 22 22 14 22 22 14 14 6
24 25 1 22 22 22 22 22 22 14 6 6
24 25 1 22 22 30 22 22 30 6 6 6
24 25 1 22 30 30 22 30 30 6 6 6
24 25 1 30 30 30 30 30 10 6 6 14
24 25 1 30 30 30 30 10 10 6 14 14
24 25 1 30 30 30 10 10 10 14 14 10
24 25 1 30 30 17 10 10 2 14 10 2
24 25 1 30 17 2 10 2 2 10 2 2
24 25 1 17 2 2 2 2 2 2 2 2
24 25 1 2 2 2 2 2 2 2 2 2
24 25 1 2 2 2 2 2 1 2 2 0
24 25 1 2 2 0 2 1 0 2 0 24
24 25 0 2 0 0 1 0 24 0 24 24
24 25 0 0 0 24 0 24 24 24 24 24
24 25 0 0 24 24 24 24 24 24 24 24
24 25 0 24 24 24 24 24 24 24 24 24
24 25 0 24 24 24 24 24 24 24 24 24
24 25 0 24 24 24 24 24 24 24 24 24
24 25 0 24 24 24 24 24 24 24 24 24
24 25 0 24 24 24 24 24 24 24 24 24
24 25 0 24 24 24 24 24 24 24 24 24
24 25 0 24 24 10 24 24 9 24 24 8
24 25 1 24 10 10 24 9 10 24 8 9
24 25 1 10 10 10 9 10 10 8 9 14
24 25 1 10 10 10 10 10 14 9 14 14
24 25 1 10 10 14 10 14 14 14 14 14
24 25 1 10 14 22 14 14 14 14 14 14
24 25 1 14 22 22 14 14 6 14 14 14
24 25 1 22 22 22 14 6 6 14 14 6
24 25 1 22 22 30 6 6 6 14 6 6
24 25 1 22 30 30 6 6 6 6 6 6
24 25 1 30 30 10 6 6 14 6 6 14
24 25 1 30 10 10 6 14 14 6 14 10
24 25 1 10 10 10 14 14 10 14 10 10
24 25 1 10 10 2 14 10 2 10 10 2
24 25 1 10 2 2 10 2 2 10 2 2
24 25 1 2 2 2 2 2 2 2 2 2
24 25 1 2 2 2 2 2 2 2 2 2
24 25 1 2 2 1 2 2 0 2 2 24
24 25 0 2 1 0 2 0 24 2 24 24
24 25 0 1 0 24 0 24 24 24 24 24
24 25 0 0 24 24 24 24 24 24 24 24
24 25 0 24 24 24 24 24 24 24 24 24
24 25 0 24 24 24 24 24 24 24 24 24
24 25 0 24 24 24 24 24 24 24 24 24
24 25 0 24 24 24 24 24 24 24 24 24
24 25 0 24 24 24 24 24 24 24 24 24
24 25 0 24 24 24 24 24 24 24 24 24
24 25 0 24 24 24 24 24 24 24 24 24
24 25 0 24 24 9 24 24 8 24 24 24
24 25 0 24 9 10 24 8 9 24 24 8
24 25 1 9 10 10 8 9 14 24 8 13
24 25 1 10 10 14 9 14 14 8 13 14
24 25 1 10 14 14 14 14 14 13 14 14
24 25 1 14 14 14 14 14 14 14 14 14
24 25 1 14 14 6 14 14 14 14 14 14
24 25 1 14 6 6 14 14 6 14 14 6
24 25 1 6 6 6 14 6 6 14 6 6
24 25 1 6 6 6 6 6 6 6 6 6
24 25 1 6 6 14 6 6 14 6 6 10
24 25 1 6 14 14 6 14 10 6 10 10
24 25 1 14 14 10 14 10 10 10 10 10
24 25 1 14 10 2 10 10 2 10 10 2
24 25 1 10 2 2 10 2 2 10 2 2
24 25 1 2 2 2 2 2 2 2 2 2
24 25 1 2 2 2 2 2 2 2 2 2
24 25 1 2 2 0 2 2 24 2 2 24
24 25 0 2 0 24 2 24 24 2 24 24
24 25 0 0 24 24 24 24 24 24 24 24
24 25 0 24 24 24 24 24 24 24 24 24
24 25 0 24 24 24 24 24 24 24 24 24
24 25 0 24 24 24 24 24 24 24 24 24
24 25 0 24 24 24 24 24 24 24 24 24
24 25 0 24 24 24 24 24 24 24 24 24
24 25 0 24 24 24 24 24 24 24 24 24
24 25 0 24 24 24 24 24 24 24 24 24
24 25 0 24 24 24 24 24 24 24 24 24
24 25 0 24 24 8 24 24 24 24 24 24
24 25 0 24 8 9 24 24 8 24 24 24
24 25 0 8 9 14 24 8 13 24 24 8
24 25 1 9 14 14 8 13 14 24 8 12
24 25 1 14 14 14 13 14 14 8 12 12
24 25 1 14 14 14 14 14 14 12 12 13
24 25 1 14 14 14 14 14 14 12 13 13
24 25 1 14 14 6 14 14 6 13 13 5
24 25 1 14 6 6 14 6 6 13 5 4
24 25 1 6 6 6 6 6 6 5 4 4
24 25 1 6 6 14 6 6 10 4 4 26
24 25 1 6 14 10 6 10 10 4 26 26
24 25 1 14 10 10 10 10 10 26 26 26
24 25 1 10 10 2 10 10 2 26 26 18
24 25 1 10 2 2 10 2 2 26 18 2
24 25 1 2 2 2 2 2 2 18 2 2
24 25 1 2 2 2 2 2 2 2 2 2
24 25 1 2 2 24 2 2 24 2 2 24
24 25 0 2 24 24 2 24 24 2 24 24
24 25 0 24 24 24 24 24 24 24 24 24
24 25 0 24 24 24 24 24 24 24 24 24
24 25 0 24 24 24 24 24 24 24 24 24
24 25 0 24 24 24 24 24 24 24 24 24
24 25 0 24 24 24 24 24 24 24 24 24
24 25 0 24 24 24 24 24 24 24 24 24
24 25 0 24 24 24 24 24 24 24 24 24
24 25 0 24 24 24 24 24 24 24 24 24
24 25 0 24 24 24 24 24 24 24 24 24
24 25 0 24 24 24 24 24 24 24 24 24
24 25 0 24 24 8 24 24 24 24 24 24
24 25 0 24 8 13 24 24 8 24 24 24
24 25 0 8 13 14 24 8 12 24 24 24
24 25 0 13 14 14 8 12 12 24 24 24
24 25 0 14 14 14 12 12 13 24 24 24
24 25 1 14 14 14 12 13 13 24 24 24
24 25 1 14 14 6 13 13 5 24 24 24
24 25 1 14 6 6 13 5 4 24 24 24
24 25 0 6 6 6 5 4 4 24 24 24
24 25 0 6 6 10 4 4 26 24 24 26
24 25 1 6 10 10 4 26 26 24 26 26
24 25 1 10 10 10 26 26 26 26 26 26
24 25 1 10 10 2 26 26 18 26 26 2
24 25 1 10 2 2 26 18 2 26 2 2
24 25 1 2 2 2 18 2 2 2 2 2
24 25 1 2 2 2 2 2 2 2 2 2
24 25 1 2 2 24 2 2 24 2 2 24
24 25 0 2 24 24 2 24 24 2 24 24
24 25 0 24 24 24 24 24 24 24 24 24
24 25 0 24 24 24 24 24 24 24 24 24
24 25 0 24 24 24 24 24 24 24 24 24
24 25 0 24 24 24 24 24 24 24 24 24
24 25 0 24 24 24 24 24 24 24 24 24
24 25 0 24 24 24 24 24 24 24 24 24
24 25 0 24 24 24 24 24 24 24 24 24
24 25 0 24 24 24 24 24 24 24 24 24
24 25 0 24 24 24 24 24 24 24 24 24
24 25 0 24 24 24 24 24 24 24 24 24
24 25 0 24 24 24 24 24 24 24 24 24
24 25 0 24 24 8 24 24 24 24 24 24
24 25 0 24 8 12 24 24 24 24 24 24
24 25 0 8 12 12 24 24 24 24 24 24
24 25 0 12 12 13 24 24 24 24 24 24
24 25 0 12 13 13 24 24 24 24 24 24
24 25 0 13 13 5 24 24 24 24 24 24
24 25 0 13 5 4 24 24 24 24 24 24
24 25 0 5 4 4 24 24 24 24 24 24
24 25 0 4 4 26 24 24 26 24 24 10
24 25 1 4 26 26 24 26 26 24 10 10
24 25 1 26 26 26 26 26 26 10 10 10
24 25 1 26 26 18 26 26 2 10 10 2
24 25 1 26 18 2 26 2 2 10 2 2
24 25 1 18 2 2 2 2 2 2 2 2
24 25 1 2 2 2 2 2 2 2 2 1
24 25 1 2 2 24 2 2 24 2 1 24
24 25 0 2 24 24 2 24 24 1 24 24
24 25 0 24 24 24 24 24 24 24 24 24
24 25 0 24 24 24 24 24 24 24 24 24
24 25 0 24 24 24 24 24 24 24 24 24
24 25 0 24 24 24 24 24 24 24 24 24
24 25 0 24 24 24 24 24 24 24 24 24
24 25 0 24 24 24 24 24 24 24 24 24
24 25 0 24 24 24 24 24 24 24 24 24
24 25 0 24 24 24 24 24 24 24 24 24
24 25 0 24 24 24 24 24 24 24 24 24
24 25 0 24 24 24 24 24 24 24 24 24
24 25 0 24 24 24 24 24 24 24 24 24
24 25 0 24 24 24 24 24 24 24 24 24
24 25 0 24 24 24 24 24 24 24 24 24
24 25 0 24 24 24 24 24 24 24 24 24
24 25 0 24 24 24 24 24 24 24 24 24
24 25 0 24 24 24 24 24 24 24 24 24
24 25 0 24 24 24 24 24 24 24 24 24
24 25 0 24 24 24 24 24 24 24 24 24
24 25 0 24 24 24 24 24 24 24 24 24
24 25 0 24 24 26 24 24 10 24 24 10
24 25 1 24 26 26 24 10 10 24 10 10
24 25 1 26 26 26 10 10 10 10 10 10
24 25 1 26 26 2 10 10 2 10 10 6
24 25 1 26 2 2 10 2 2 10 6 2
24 25 1 2 2 2 2 2 2 6 2 2
24 25 1 2 2 2 2 2 1 2 2 1
24 25 1 2 2 24 2 1 24 2 1 24
24 25 0 2 24 24 1 24 24 1 24 24
24 25 0 24 24 24 24 24 24 24 24 24
24 25 0 24 24 24 24 24 24 24 24 24
24 25 0 24 24 24 24 24 24 24 24 24
24 25 0 24 24 24 24 24 24 24 24 24
24 25 0 24 24 24 24 24 24 24 24 24
24 25 0 24 24 24 24 24 24 24 24 24
24 25 0 24 24 24 24 24 24 24 24 24
24 25 0 24 24 24 24 24 24 24 24 24
24 25 0 24 24 24 24 24 24 24 24 24
24 25 0 24 24 24 24 24 24 24 24 24
24 25 0 24 24 24 24 24 24 24 24 24
24 25 0 24 24 24 24 24 24 24 24 24
24 25 0 24 24 24 24 24 24 24 24 24
24 25 0 24 24 24 24 24 24 24 24 24
24 25 0 24 24 24 24 24 24 24 24 24
24 25 0 24 24 24 24 24 24 24 24 24
24 25 0 24 24 24 24 24 24 24 24 24
24 25 0 24 24 24 24 24 24 24 24 24
24 25 0 24 24 24 24 24 24 24 24 24
24 25 0 24 24 10 24 24 10 24 24 9
24 25 1 24 10 10 24 10 10 24 9 10
24 25 1 10 10 10 10 10 10 9 10 14
24 25 1 10 10 2 10 10 6 10 14 6
24 25 1 10 2 2 10 6 2 14 6 2
24 25 1 2 2 2 6 2 2 6 2 2
24 25 1 2 2 1 2 2 1 2 2 1
24 25 1 2 1 24 2 1 24 2 1 24
24 25 0 1 24 24 1 24 24 1 24 24
24 25 0 24 24 24 24 24 24 24 24 24
24 25 0 24 24 24 24 24 24 24 24 24
24 25 0 24 24 24 24 24 24 24 24 24
24 25 0 24 24 24 24 24 24 24 24 24
24 25 0 24 24 24 24 24 24 24 24 24
24 25 0 24 24 24 24 24 24 24 24 24
24 25 0 24 24 24 24 24 24 24 24 24
24 25 0 24 24 24 24 24 24 24 24 24
24 25 0 24 24 24 24 24 24 24 24 24
24 25 0 24 24 24 24 24 24 24 24 24
24 25 0 24 24 24 24 24 24 24 24 24
24 25 0 24 24 24 24 24 24 24 24 24
24 25 0 24 24 24 24 24 24 24 24 24
24 25 0 24 24 24 24 24 24 24 24 24
24 25 0 24 24 24 24 24 24 24 24 24
24 25 0 24 24 24 24 24 24 24 24 24
24 25 0 24 24 24 24 24 24 24 24 24
24 25 0 24 24 24 24 24 24 24 24 24
24 25 0 24 24 24 24 24 24 24 24 24
24 25 0 24 24 10 24 24 9 24 24 8
24 25 1 24 10 10 24 9 10 24 8 10
24 25 1 10 10 10 9 10 14 8 10 14
24 25 1 10 10 6 10 14 6 10 14 14
24 25 1 10 6 2 14 6 2 14 14 6
